   76.920000033084648        51.574902387225563       -29848.524966539379        2968.5275801508351     
   78.840000066169310        51.565121459885297       -29847.337158565297        2968.5781477207315     
   80.760000099253958        51.553394402774373       -29845.912970996724        2968.6387999656672     
   82.680000132338620        51.539076989763792       -29844.174133098833        2968.7128842866728     
   84.600000165423268        51.521205874188333       -29842.003585205988        2968.8054116444528     
   86.520000198507930        51.498273514877134       -29839.218102916613        2968.9242345370403     
   88.440000231592578        51.467781933498095       -29835.513993907225        2969.0823882987052     
   90.360000264677240        51.425273290415319       -29830.349042701422        2969.3031945532230     
   92.280000297761887        51.361953344635531       -29822.652762196107        2969.6328333853594     
   94.200000330846535        51.257798633206015       -29809.984315393442        2970.1770870800160     
   96.120000363931197        51.055838340825822       -29785.377886818304        2971.2403300477254     
   98.040000397015845        50.516198829896375       -29719.278302741506        2974.1384279434246     
   99.960000430100507        47.788172679818665       -29404.514792957005        2988.6282678430525     
   101.88000046318516        42.400194863407116       -28850.512085101207        3016.4390869233598     
   103.80000049626980        36.509044947754489       -28317.014480010552        3046.6552736915505     
   105.72000052935446        30.212158421757103       -27802.863404502463        3079.4115966890431     
   107.64000056243913        23.370519948657837       -27307.052178442962        3114.8482077907406     
   109.56000059552377        15.965014424342430       -26828.622502721337        3148.8150958344104     
   111.48000062860842        7.8462934095456012       -26366.673668379881        3175.8686991902000     
   113.40000066169308      -0.98064167018304538       -25920.367920163797        3198.4314422255184     
   115.32000069477775       -10.524068971114870       -25488.923924244926        3216.1150556822563     
   117.24000072786239       -20.857354024279854       -25071.611340488198        3215.0637914364042     
   119.16000076094704       -31.838534191428955       -24667.746830232241        3187.0665366799153     
   121.08000079403169       -44.031514439246550       -24276.690393412297        3186.6958849558582     
   123.00000082711635       -57.563136161578747       -23897.841969273584        3207.5372682889088     
   124.92000086020101       -72.371330031853518       -23530.638379346143        3237.5196707497066     
   126.84000089328566       -88.419762231843819       -23174.550502064470        3275.1255887635621     
   128.76000092637031       -105.91428318298816       -22829.080769093114        3319.0297819748262     
   130.68000095945496       -124.83728260242864       -22493.760824957964        3367.4918051369114     
   132.60000099253961       -145.32848401335642       -22168.149421195631        3417.2583044678527     
   134.52000102562428       -167.38935578738341       -21851.830489092874        3463.5263400392655     
   136.44000105870893       -190.60280542474061       -21544.411274038488        3500.4646264987327     
   138.36000109179358       -214.77838638923294       -21245.521028788928        3521.6692024121016     
   140.28000112487825       -239.50463407559926       -20954.808990960140        3521.3185411541203     
   142.20000115796290       -264.55958523860119       -20671.943511529713        3494.2755406311385     
   144.12000119104755       -289.17568911019475       -20396.610552391554        3436.4982320916033     
   146.04000122413220       -313.06246645542882       -20128.512574797511        3345.0488294140014     
   147.96000125721685       -335.72287960816612       -19867.367472640188        3218.5010171998338     
   149.88000129030149       -356.75299566928982       -19612.907580431976        3057.8061257122281     
   151.80000132338617       -376.08409856288421       -19364.878819156656        2865.6087719427987     
   153.72000135647082       -393.49404313957825       -19123.039678969031        2646.3491364584756     
   155.64000138955549       -409.33206714975120       -18887.160826918407        2405.1497601636638     
   157.56000142264014       -423.67067280330684       -18657.023827208843        2147.8495369894094     
   159.48000145572479       -437.35557353621908       -18432.420927465719        1879.5122663793804     
   161.40000148880944       -450.61803402315371       -18213.154284375501        1603.8171317289161     
   163.32000152189408       -463.64455383352902       -17999.035367887464        1322.8215065046581     
   165.24000155497873       -476.80567653740758       -17789.884444287120        1037.8126257336542     
   167.16000158806338       -490.03633710121528       -17585.530096921411        749.40673600147272     
   169.08000162114803       -503.60470561439359       -17385.808759422009        457.82028859962600     
   171.00000165423270       -517.43144810330602       -17190.563858688911        163.20412829228533     
   172.92000168731738       -531.58227009622442       -16999.647113572522       -134.34620386120181     
   174.84000172040203       -545.81638149371054       -16812.915023600159       -434.97041507362957     
   176.76000175348668       -560.50465288202054       -16630.231640817339       -738.70949903764438     
   178.68000178657132       -575.35652213494029       -16451.466540802616       -1045.4151266388001     
   180.60000181965597       -590.28573307986346       -16276.494928456854       -1354.9384424117866     
   182.52000185274062       -605.10672326315500       -16105.197346936429       -1666.6848648373591     
   184.44000188582530       -619.53991071516441       -15937.459379454927       -1978.8296573961713     
   186.36000191890994       -632.49876282453909       -15773.171352848467       -2287.8326908133486     
   188.28000195199459       -642.79946582173591       -15612.228124086339       -2586.8548062257419     
   190.20000198507924       -648.84631670463193       -15454.529123837116       -2865.6476009376397     
   192.12000201816389       -649.14792043911120       -15299.977321613222       -3112.6623455648760     
   194.04000205124856       -642.79648669823462       -15148.480014123459       -3316.9770127239117     
   195.96000208433321       -629.68833560352402       -14999.947939165078       -3470.5886741634358     
   197.88000211741786       -610.23626330714035       -14854.295403789980       -3569.9013476574319     
   199.80000215050251       -585.85667779252378       -14711.440007526217       -3616.8846169285052     
   201.72000218358716       -558.26137646213624       -14571.302486173003       -3618.6442135704897     
   203.64000221667183       -529.77563502717658       -14433.806556600857       -3587.4940643266891     
   205.56000224975648       -502.66671286985945       -14298.878734675076       -3540.1439320325931     
   207.48000228284113       -478.76167861530200       -14166.448388944489       -3490.9845818008880     
   209.40000231592578       -458.70903774569882       -14036.447211026745       -3448.5651358507025     
   211.32000234901042       -443.71777373854400       -13908.809525434988       -3425.9068302235132     
   213.24000238209510       -438.25640029984879       -13783.471906144381       -3463.3232007720553     
   215.16000241517975       -421.89960270539700       -13660.373177074129       -3401.5122238884164     
   217.08000244826439       -405.90765491899685       -13539.454395918845       -3326.4948538690091     
   219.00000248134904       -391.42233879759232       -13420.658406067869       -3249.2289340956490     
   220.92000251443372       -379.05290560553010       -13303.928695804358       -3177.0690117048553     
   222.84000254751837       -368.57313628849613       -13189.213876611160       -3109.5508847655296     
   224.76000258060301       -359.75815233198301       -13076.479828103247       -3046.1245409890757     
   226.68000261368769       -352.39067738906948       -12965.649896310591       -2986.3807748283698     
   228.60000264677234       -346.25483147282057       -12856.492145594866       -2930.0284050979335     
   230.52000267985699       -341.32653542201592       -12749.124596082564       -2877.7616714251430     
   232.44000271294163       -339.73924850877478       -12705.135266509058       -2858.9363025724574     
   234.36000274602631       -339.39299179880828       -12694.996684136504       -2854.6095625016073     
   236.28000277911096       -339.25218434325438       -12690.851474582665       -2852.8276806025888     
   238.20000281219561       -339.17643686921923       -12688.620086817977       -2851.8646837649258     
   240.12000284528025       -339.12922481935198       -12687.229424488729       -2851.2630695497974     
   242.04000287836490       -339.09700664727978       -12686.280631983120       -2850.8519498728506     
   243.96000291144955       -339.07362764220704       -12685.592306033524       -2850.5533482394239     
   245.88000294453420       -339.05589274250559       -12685.070265636452       -2850.3266866261115     
   247.80000297761885       -339.04197990326008       -12684.660806988733       -2850.1487865359677     
   249.72000301070355       -339.03077461376807       -12684.331085614691       -2850.0054532844970     
   251.64000304378820       -339.02155704847337       -12684.059892082805       -2849.8875107796998     
   253.56000307687285       -339.01384164815101       -12683.832922050125       -2849.7887649437175     
   255.48000310995749       -339.00728902836727       -12683.640179076898       -2849.7048839569125     
   257.40000314304211       -339.00165484330836       -12683.474467163511       -2849.6327476115775     
   259.32000317612676       -338.99675870570366       -12683.330474650285       -2849.5700515408116     
   261.24000320921141       -338.99246455131197       -12683.204195530852       -2849.5150570175897     
   263.16000324229606       -338.98866781692175       -12683.092551621023       -2849.4664274836418     
   265.08000327538070       -338.98528682496050       -12682.993138718910       -2849.4231186581551     
   267.00000330846541       -338.98225684840713       -12682.904051758280       -2849.3843028039055     
